gear_1_00|164|0|164|164
gear_1_01|164|820|164|164
gear_1_02|656|0|164|164
gear_1_03|0|164|164|164
gear_1_04|164|164|164|164
gear_1_05|328|0|164|164
gear_1_06|328|164|164|164
gear_1_07|0|328|164|164
gear_1_08|164|328|164|164
gear_1_09|328|328|164|164
gear_1_10|492|0|164|164
gear_1_11|492|164|164|164
gear_1_12|492|328|164|164
gear_1_13|0|492|164|164
gear_1_14|164|492|164|164
gear_1_15|328|492|164|164
gear_2_00|492|492|164|164
gear_2_01|0|0|164|164
gear_2_02|656|164|164|164
gear_2_03|656|328|164|164
gear_2_04|656|492|164|164
gear_2_05|0|656|164|164
gear_2_06|164|656|164|164
gear_2_07|328|656|164|164
gear_2_08|492|656|164|164
gear_2_09|656|656|164|164
gear_2_10|820|0|164|164
gear_2_11|820|164|164|164
gear_2_12|820|328|164|164
gear_2_13|820|492|164|164
gear_2_14|820|656|164|164
gear_2_15|0|820|164|164
gear_3_00|328|820|160|160
gear_3_01|488|820|160|160
gear_3_02|648|820|160|160
gear_3_03|808|820|160|160
gear_3_04|984|0|160|160
gear_3_05|984|160|160|160
gear_3_06|984|320|160|160
gear_3_07|984|480|160|160
gear_3_08|984|640|160|160
gear_3_09|984|800|160|160
gear_3_10|0|984|160|160
gear_3_11|160|984|160|160
gear_3_12|320|984|160|160
gear_3_13|480|984|160|160
gear_3_14|640|984|160|160
gear_3_15|800|984|160|160
gear_4_00|960|984|160|160
gear_4_01|1144|0|160|160
gear_4_02|1144|160|160|160
gear_4_03|1144|320|160|160
gear_4_04|1144|480|160|160
gear_4_05|1144|640|160|160
gear_4_06|1144|800|160|160
gear_4_07|1144|960|160|160
gear_4_08|0|1144|160|160
gear_4_09|160|1144|160|160
gear_4_10|320|1144|160|160
gear_4_11|480|1144|160|160
gear_4_12|640|1144|160|160
gear_4_13|800|1144|160|160
gear_4_14|960|1144|160|160
gear_4_15|1120|1144|160|160
gear_5_00|1304|0|160|160
gear_5_01|1304|160|160|160
gear_5_02|1304|320|160|160
gear_5_03|1304|480|160|160
gear_5_04|1304|640|160|160
gear_5_05|1304|800|160|160
gear_5_06|1304|960|160|160
gear_5_07|1304|1120|160|160
gear_5_08|0|1304|160|160
gear_5_09|160|1304|160|160
gear_5_10|320|1304|160|160
gear_5_11|480|1304|160|160
gear_5_12|640|1304|160|160
gear_5_13|800|1304|160|160
gear_5_14|960|1304|160|160
gear_5_15|1120|1304|160|160
gear_6_00|1280|1304|160|160
gear_6_01|1464|0|160|160
gear_6_02|1464|160|160|160
gear_6_03|1464|320|160|160
gear_6_04|1464|480|160|160
gear_6_05|1464|640|160|160
gear_6_06|1464|800|160|160
gear_6_07|1464|960|160|160
gear_6_08|1464|1120|160|160
gear_6_09|1464|1280|160|160
gear_6_10|0|1464|160|160
gear_6_11|160|1464|160|160
gear_6_12|320|1464|160|160
gear_6_13|480|1464|160|160
gear_6_14|640|1464|160|160
gear_6_15|800|1464|160|160
gear_6_16|960|1464|160|160
gear_6_17|1120|1464|160|160
gear_6_18|1280|1464|160|160
gear_6_19|1440|1464|160|160
gear_6_20|1624|0|160|160
gear_6_21|1624|160|160|160
gear_6_22|1624|320|160|160
gear_6_23|1624|480|160|160
gear_6_24|1624|640|160|160
gear_6_25|1624|800|160|160
gear_6_26|1624|960|160|160
gear_6_27|1624|1120|160|160
gear_6_28|1624|1280|160|160
gear_6_29|1624|1440|160|160
gear_6_30|0|1624|160|160
gear_6_31|160|1624|160|160
glyph_10|1874|280|70|70
glyph_11|1784|990|70|90
glyph_12|1784|540|90|90
glyph_13|1784|1150|90|70
glyph_14|1784|90|90|90
glyph_15|1784|1520|70|90
glyph_16|1784|450|90|90
glyph_17|1784|1610|90|70
glyph_18|1274|1624|90|90
glyph_20|0|1784|70|80
glyph_21|70|1784|70|80
glyph_22|1874|700|50|80
glyph_23|1874|0|70|70
glyph_30|1784|1680|70|90
glyph_31|1784|0|90|90
glyph_32|1784|1380|90|70
glyph_33|1784|180|90|90
glyph_34|1784|1290|70|90
glyph_35|1784|360|90|90
glyph_36|1784|1220|90|70
glyph_37|1184|1624|90|90
glyph_40|1874|210|70|70
glyph_41|140|1784|90|60
glyph_50|1874|490|70|70
glyph_51|1874|70|70|70
glyph_60|1874|630|60|70
glyph_61|1874|560|60|70
glyph_62|1874|350|70|70
glyph_63|1874|420|70|70
glyph_64|1784|1450|90|70
glyph_65|1784|1080|90|70
glyph_70|1874|140|70|70
glyph_plate_0|1040|1624|144|144
glyph_plate_1|896|1624|144|144
glyph_plate_2|752|1624|144|144
glyph_plate_3|608|1624|144|144
glyph_plate_4|464|1624|144|144
glyph_plate_5|320|1624|144|144
input_glyph_10|1364|1624|90|90
input_glyph_11|1784|630|90|90
input_glyph_12|1784|270|90|90
input_glyph_13|1634|1624|90|90
input_glyph_14|1784|900|90|90
input_glyph_15|1784|720|90|90
input_glyph_16|1784|810|90|90
input_glyph_17|1544|1624|90|90
input_glyph_18|1454|1624|90|90